,masa A,,
t,x,y,
0,000,0,279,-0,191
0,033,0,294,-0,164
0,067,0,298,-0,151
0,100,0,306,-0,135
0,133,0,312,-0,123
0,167,0,312,-0,114
0,200,0,321,-0,101
0,233,0,321,-8,783E-2
0,267,0,324,-7,994E-2
0,300,0,326,-6,079E-2
0,333,0,317,-6,417E-2
0,367,0,322,-5,065E-2
0,400,0,322,-5,177E-2
0,433,0,321,-4,501E-2
0,467,0,318,-3,825E-2
0,500,0,319,-2,924E-2
0,533,0,317,-1,684E-2
0,567,0,314,-1,008E-2
0,600,0,308,5,692E-3
0,633,0,304,1,921E-2
0,667,0,304,2,485E-2
0,700,0,300,3,274E-2
0,733,0,298,4,006E-2
0,767,0,295,4,738E-2
0,800,0,290,5,753E-2
0,833,0,287,6,316E-2
0,867,0,283,6,879E-2
0,900,0,280,7,443E-2
0,933,0,270,8,119E-2
0,967,0,263,8,908E-2
1,000,0,259,9,584E-2
1,033,0,249,0,106
1,067,0,241,0,110
1,100,0,233,0,116
1,133,0,224,0,127
1,167,0,217,0,131
1,200,0,208,0,142
1,233,0,201,0,147
1,267,0,196,0,149
1,300,0,181,0,160
1,333,0,174,0,167
1,367,0,167,0,170
1,400,0,161,0,174
1,433,0,155,0,178
1,467,0,143,0,190
1,500,0,138,0,194
1,533,0,131,0,200
1,567,0,123,0,206
1,600,0,114,0,213
1,633,0,103,0,223
1,667,8,850E-2,0,243
1,700,8,287E-2,0,240
1,733,5,920E-2,0,243
1,767,5,357E-2,0,246
1,800,3,892E-2,0,246
1,833,3,103E-2,0,246
1,867,2,653E-2,0,246
1,900,1,977E-2,0,248
1,933,1,458E-2,0,245
1,967,9,390E-3,0,242
2,000,4,202E-3,0,238
2,033,-5,952E-3,0,237
2,067,-1,611E-2,0,236
2,100,-2,626E-2,0,234
2,133,-3,466E-2,0,231
2,167,-4,307E-2,0,229
2,200,-5,147E-2,0,226
2,233,-5,882E-2,0,220
2,267,-6,618E-2,0,213
2,300,-7,353E-2,0,207
2,333,-8,088E-2,0,200
2,367,-8,824E-2,0,193
2,400,-9,559E-2,0,186
2,433,-0,103,0,176
2,467,-0,111,0,166
2,500,-0,119,0,157
2,533,-0,124,0,147
2,567,-0,129,0,138
2,600,-0,133,0,129
2,633,-0,138,0,117
2,667,-0,143,0,104
2,700,-0,147,9,139E-2
2,733,-0,150,7,633E-2
2,767,-0,153,6,127E-2
2,800,-0,155,4,622E-2
2,833,-0,156,2,626E-2
2,867,-0,156,6,303E-3
2,900,-0,157,-1,366E-2
2,933,-0,153,-3,256E-2
2,967,-0,149,-5,147E-2
3,000,-0,145,-7,038E-2
3,033,-0,137,-9,139E-2
3,067,-0,130,-0,112
3,100,-0,122,-0,133
3,133,-0,109,-0,150
3,167,-9,594E-2,-0,167
3,200,-8,298E-2,-0,184
3,233,-6,408E-2,-0,199
3,267,-4,517E-2,-0,213
3,300,-2,626E-2,-0,228
3,333,-5,252E-3,-0,235
3,367,1,576E-2,-0,243
3,400,3,676E-2,-0,250
3,433,5,847E-2,-0,248
3,467,8,018E-2,-0,246
3,500,0,102,-0,244
3,533,0,145,-0,241
3,567,0,181,-0,230
3,600,0,217,-0,219
3,633,0,241,-0,195
3,667,0,261,-0,166
3,700,0,281,-0,140
3,733,0,296,-8,783E-2
3,767,0,297,-3,037E-2
3,800,0,286,3,048E-2
3,833,0,262,8,006E-2
3,867,0,244,0,117
3,900,0,225,0,167
3,933,0,206,0,204
3,967,0,171,0,220
4,000,0,137,0,237
4,033,9,188E-2,0,261
4,067,5,132E-2,0,272
4,100,-2,770E-3,0,268
4,133,-2,916E-2,0,250
4,167,-5,555E-2,0,231
4,200,-8,193E-2,0,212
4,233,-9,839E-2,0,188
4,267,-0,115,0,165
4,300,-0,131,0,141
4,333,-0,139,0,116
4,367,-0,146,9,104E-2
4,400,-0,153,6,618E-2
4,433,-0,150,2,591E-2
4,467,-0,146,-1,436E-2
4,500,-0,142,-5,462E-2
4,533,-0,130,-8,748E-2
4,567,-0,118,-0,120
4,600,-0,106,-0,153
4,633,-8,615E-2,-0,179
4,667,-7,489E-2,-0,197
4,700,-3,545E-2,-0,233
4,733,-3,897E-3,-0,246
4,767,1,737E-3,-0,248
4,800,8,061E-2,-0,261
4,833,0,102,-0,260
4,867,0,128,-0,258
4,900,0,217,-0,217
4,933,0,239,-0,161
4,967,0,268,-0,122
5,000,0,288,7,946E-3
5,033,0,252,6,992E-2
5,067,0,239,0,135
5,100,0,199,0,206
5,133,0,126,0,237
5,167,7,611E-2,0,255
5,200,2,878E-2,0,263
5,233,2,089E-2,0,263
5,267,-7,038E-2,0,230
5,300,-8,088E-2,0,207
5,333,-0,124,0,166
5,367,-0,133,0,144
5,400,-0,148,9,769E-2
5,433,-0,161,3,612E-2
5,467,-0,156,-7,830E-3
5,500,-0,146,-5,672E-2
5,533,-0,131,-9,988E-2
5,567,-0,117,-0,143
5,600,-8,193E-2,-0,180
5,633,-6,474E-2,-0,210
5,667,-3,770E-2,-0,232
5,700,2,101E-3,-0,244
5,733,9,864E-2,-0,265
5,767,0,155,-0,259
5,800,0,206,-0,214
5,833,0,237,-0,155
5,867,0,258,-7,994E-2
5,900,0,244,5,672E-2
5,933,0,232,0,124
5,967,0,198,0,184
6,000,0,164,0,211
6,033,4,681E-2,0,275
6,067,-1,066E-2,0,270
6,100,-6,812E-2,0,237
6,133,-0,104,0,192
6,167,-0,129,0,144
6,200,-0,146,0,101
6,233,-0,144,9,471E-2
6,267,-0,152,-1,684E-2
6,300,-0,147,-4,412E-2
6,333,-0,126,-0,124
6,367,-9,291E-2,-0,173
6,400,-7,248E-2,-0,197
6,433,-5,167E-4,-0,250
6,467,6,033E-2,-0,266
6,500,0,134,-0,253
6,533,0,205,-0,206
6,567,0,242,-0,121
6,600,0,242,-5,252E-3
6,633,0,270,5,189E-2
6,667,0,251,0,110
6,700,0,144,0,228
6,733,6,033E-2,0,261
6,767,5,244E-2,0,263
6,800,-6,408E-2,0,226
6,833,-8,695E-2,0,202
6,867,-0,110,0,178
6,900,-0,154,6,618E-2
6,933,-0,157,3,499E-2
6,967,-0,155,-6,079E-2
7,000,-0,131,-0,123
7,033,-0,110,-0,153
7,067,-4,446E-2,-0,234
7,100,2,540E-2,-0,270
7,133,0,114,-0,279
7,167,0,217,-0,245
7,200,0,273,-0,194
7,233,0,297,-8,824E-2
7,267,0,306,4,097E-2
7,300,0,289,4,517E-2
7,333,0,122,0,241
7,367,8,193E-2,0,259
7,400,-3,046E-2,0,245
7,433,-8,824E-2,0,210
7,467,-0,114,0,184
7,500,-0,151,8,929E-2
7,533,-0,162,3,151E-2
7,567,-0,154,-3,887E-2
7,600,-0,126,-0,109
7,633,-9,769E-2,-0,176
7,667,-3,571E-2,-0,231
7,700,4,097E-2,-0,263
7,733,3,676E-2,-0,261
7,767,0,232,-0,230
7,800,0,289,-0,169
7,833,0,280,-0,145
7,867,0,263,0,124
7,900,0,145,0,236
7,933,0,159,0,229
7,967,-2,416E-2,0,262
8,000,-5,567E-2,0,237
8,033,-0,111,0,183
8,067,-0,154,7,773E-2
8,100,-0,157,1,155E-2
8,133,-0,148,-6,618E-2
8,167,-0,119,-0,140
8,200,-6,408E-2,-0,207
8,233,-2,731E-2,-0,233
8,267,9,454E-3,-0,258
8,300,0,167,-0,259
8,333,0,214,-0,220
8,367,0,295,-4,832E-2
8,400,0,278,9,454E-2
8,433,0,232,0,165
8,467,5,567E-2,0,276
8,500,-3,151E-2,0,259
8,533,-9,454E-2,0,210
8,567,-0,116,0,184
8,600,-0,158,6,197E-2
8,633,-0,162,-1,261E-2
8,667,-0,150,-0,102
8,700,-0,101,-0,170
8,733,-4,307E-2,-0,232
8,767,4,517E-2,-0,274
8,800,0,120,-0,268
8,833,0,137,-0,257
8,867,0,269,-9,769E-2
8,900,0,256,7,038E-2
8,933,0,262,6,408E-2
8,967,7,878E-2,0,276
9,000,2,626E-2,0,275
9,033,-9,349E-2,0,211
9,067,-0,138,0,144
9,100,-0,158,6,723E-2
9,133,-0,164,-1,366E-2
9,167,-0,143,-0,101
9,200,-9,769E-2,-0,182
9,233,-3,256E-2,-0,241
9,267,2,311E-2,-0,274
9,300,0,179,-0,257
9,333,0,263,-0,165
9,367,0,277,-1,471E-2
9,400,0,248,0,113
9,433,0,186,0,172
9,467,0,125,0,231
9,500,-5,147E-2,0,249
9,533,-0,119,0,184
9,567,-0,140,0,146
9,600,-0,162,2,311E-2
